[1382, -30, -20]
[1267, 42, 1112]
[1258, -1243, 1158]
[2450, 92, 1130]
[1273, 1108, 78]
[172, 2, -1300]
[1253, 14, 2421]
[3785.0, 48.0, 1211.0]
[1205.0, 1142.0, -1150.0]
[2565.0, 1122.0, -1218.0]
[1321.0, 2335.0, 49.0]
[1280.0, -1226.0, -40.0]
[2477.0, -47.0, 2.0]
[1254.0, -1265.0, 2471.0]
[1276.0, 54.0, 3592.0]
[124.0, -1141.0, 2453.0]
[1280.0, -2409.0, 2479.0]
[150.0, 60.0, -2414.0]
[1367.0, -2453.0, -57.0]
[2557.0, -1262.0, 2305.0]
[1370.0, -2400.0, -1165.0]
[1212.0, -1236.0, 3556.0]
[1252.0, -1184.0, 4724.0]
[2468.0, -2482.0, 55.0]
[2530.0, 2402.0, -1217.0]
[2537.0, 1246.0, -2376.0]
[3752.0, 1215.0, -1257.0]
[2490.0, -5.0, -1182.0]
[3624.0, 61.0, -1278.0]
[4847.0, -15.0, -1282.0]
[3607.0, -2449.0, -97.0]
[2480.0, -3.0, -2458.0]
[4832.0, 80.0, -84.0]
[3687.0, -1240.0, -1176.0]
[6041.0, 14.0, -1191.0]
[2566.0, -1130.0, -2367.0]
[6132.0, -1177.0, -1173.0]
[7324.0, -63.0, -1168.0]
[8571.0, -45.0, -1296.0]