[0,0,0]
[62, 83, 1085]
[85, 1284, -8]
[1283, 26, 1043]
[-11, -1141, 1124]
[-13, -2341, 1101]
[-1120, 73, -57]
[-1164.0, 75.0, -1298.0]
[1299.0, -1266.0, 1187.0]
[-1163.0, -1113.0, 1084.0]
[-2363.0, -14.0, -95.0]
[68.0, 72.0, -1227.0]
[-2373.0, -94.0, 1157.0]
[-2340.0, 45.0, 2245.0]
[-2405.0, 1208.0, 2353.0]
[140.0, -1224.0, 2275.0]
[-1097.0, -1125.0, 2394.0]
[-1132.0, 1145.0, 1047.0]
[-1116.0, 54.0, 2257.0]
[-3448.0, -14.0, -69.0]
[-2245.0, -1238.0, 2243.0]
[8.0, -1116.0, 3605.0]
[-2303.0, 1234.0, 1201.0]
[-3437.0, 1132.0, -84.0]
[1285.0, -1180.0, 2362.0]
[-4639.0, -75.0, -58.0]
[-2277.0, -1225.0, 1187.0]
[-2352.0, -32.0, -1202.0]
[-4827.0, 1225.0, -61.0]
[-1065.0, -43.0, -2540.0]
[-2373.0, -96.0, 3436.0]
[1198.0, -1288.0, 3594.0]
[-4699.0, 2391.0, -178.0]
[-2268.0, 2335.0, 1210.0]
[-3514.0, -71.0, -1303.0]
[-5870.0, 1170.0, -9.0]
